                     CLIMATOLOGICAL SUMMARY for year 2022


NAME: Kingstowne, VA                  
ELEV: 28 feet    LAT: 38-46.01 N    LONG: 077-09.08 W


                                       TEMPERATURE (F)

                              HEAT    COOL                              MAX    MAX    MIN    MIN
          MEAN   MEAN         DEG     DEG                                >=     <=     <=     <=
 YR  MO   MAX    MIN    MEAN  DAYS    DAYS      HI  DAY     LOW  DAY     90     32     32      0
------------------------------------------------------------------------------------------------
2022 01   41.2   25.1   32.8  997.1    0.0    63.2   02    13.0   30      0      4     26      0
2022 02   53.2   30.8   41.2  665.6    0.0    76.9   23    19.0   20      0      0     17      0
2022 03   60.9   38.5   49.8  478.4    5.9    80.2   07    19.9   13      0      0      8      0
2022 04   64.2   38.0   52.8  358.4   21.5    88.5   13   -40.0   28      0      0      2      2
2022 05   76.8   52.4   66.2   61.5   86.1    99.2   21   -40.0   02      3      0      1      1
2022 06
2022 07
2022 08
2022 09
2022 10
2022 11
2022 12
------------------------------------------------------------------------------------------------
          58.1   36.1   47.1 2561.1  113.4    99.2  May   -40.0  Apr      3      4     54      3


                  PRECIPITATION (in)

                  MAX         ---DAYS OF RAIN---
                  OBS.               OVER
 YR  MO  TOTAL    DAY  DATE   0.01   0.10   1.00
------------------------------------------------
2022 01   2.95   0.67    16     11      9      0
2022 02   1.88   0.88    04     10      4      0
2022 03   2.36   0.63    09      8      6      0
2022 04   3.60   0.83    06     10      6      0
2022 05   4.10   1.49    07     12      7      1
2022 06
2022 07
2022 08
2022 09
2022 10
2022 11
2022 12
------------------------------------------------
         14.89   1.49   May     51     32      1


           WIND SPEED (mph)

                                DOM
 YR  MO    AVG     HI   DATE    DIR
-----------------------------------
2022 01    1.9   20.0     16     96
2022 02    1.9   21.0     18    125
2022 03    2.2   25.0     07    128
2022 04    2.4  108.0     30    120
2022 05    2.3  108.0     01     34
2022 06
2022 07
2022 08
2022 09
2022 10
2022 11
2022 12
-----------------------------------
           2.1  108.0    Apr    107
