                     CLIMATOLOGICAL SUMMARY for year 2020


NAME: Kingstowne, VA                  
ELEV: 28 feet    LAT: 38-46.01 N    LONG: 077-09.08 W


                                       TEMPERATURE (F)

                              HEAT    COOL                              MAX    MAX    MIN    MIN
          MEAN   MEAN         DEG     DEG                                >=     <=     <=     <=
 YR  MO   MAX    MIN    MEAN  DAYS    DAYS      HI  DAY     LOW  DAY     90     32     32      0
------------------------------------------------------------------------------------------------
2020 01
2020 02
2020 03
2020 04
2020 05
2020 06
2020 07   78.2   75.4   76.5    0.0   11.5    78.2   31    75.4   31      0      0      0      0
2020 08   89.2   69.9   78.1    0.0  407.0    96.6   27    62.0   17     15      0      0      0
2020 09   79.2   60.2   69.2   43.1  167.9    94.2   03    44.0   20      3      0      0      0
2020 10   70.6   51.1   60.0  169.0   12.8    83.2   07    36.6   31      0      0      0      0
2020 11   64.3   42.7   52.6  372.8    2.1    79.1   10    27.6   19      0      0      2      0
2020 12   48.4   32.5   39.7  688.8    0.0    66.9   13    20.9   26      0      0     15      0
------------------------------------------------------------------------------------------------
          70.9   51.9   60.5 1273.8  601.3    96.6  Aug    20.9  Dec     18      0     17      0


                  PRECIPITATION (in)

                  MAX         ---DAYS OF RAIN---
                  OBS.               OVER
 YR  MO  TOTAL    DAY  DATE   0.01   0.10   1.00
------------------------------------------------
2020 01
2020 02
2020 03
2020 04
2020 05
2020 06
2020 07   0.30   0.26    31      2      1      0
2020 08   9.80   1.75    04     15     12      5
2020 09   3.14   0.94    09     12      8      0
2020 10   4.74   2.15    29      9      6      1
2020 11   4.39   1.84    30      6      5      2
2020 12   4.94   1.40    24     10      6      1
------------------------------------------------
         27.31   2.15   Oct     54     38      9


           WIND SPEED (mph)

                                DOM
 YR  MO    AVG     HI   DATE    DIR
-----------------------------------
2020 01
2020 02
2020 03
2020 04
2020 05
2020 06
2020 07    0.2    2.0     31     25
2020 08    1.3   15.0     02     35
2020 09    1.3   14.0     19    114
2020 10    1.2   17.0     15    119
2020 11    1.3   16.0     19    130
2020 12    1.6   15.0     16    110
-----------------------------------
           1.3   17.0    Oct    108
