                     CLIMATOLOGICAL SUMMARY for year 2021


NAME: Kingstowne, VA                  
ELEV: 28 feet    LAT: 38-46.01 N    LONG: 077-09.08 W


                                       TEMPERATURE (F)

                              HEAT    COOL                              MAX    MAX    MIN    MIN
          MEAN   MEAN         DEG     DEG                                >=     <=     <=     <=
 YR  MO   MAX    MIN    MEAN  DAYS    DAYS      HI  DAY     LOW  DAY     90     32     32      0
------------------------------------------------------------------------------------------------
2021 01
2021 02   47.6   36.6   42.0  155.7    0.0    57.0   24    28.1   23      0      0      3      0
2021 03   61.1   37.9   54.6  328.9   18.7    84.6   26   -40.0   23      0      0      9      2
2021 04   72.3   14.3   67.6   68.4  105.4    91.4   28   -40.0   04      1      0      9      9
2021 05   80.6  -19.8   75.3    0.2  244.9    95.3   23   -40.0   01      4      0     21     21
2021 06   88.8   45.2   77.5    0.0  384.0   101.2   30   -40.0   01     14      0      6      6
2021 07   93.4   70.2   80.6    0.0  483.7    99.6   07    60.6   04     24      0      0      0
2021 08   90.4   70.3   78.9    0.0  430.3    99.1   13    60.3   02     17      0      0      0
2021 09   83.2   62.1   72.0    3.4  214.4    92.5   13    51.1   24      5      0      0      0
2021 10   74.5   56.2   64.3   88.0   63.0    86.3   04    42.0   19      0      0      0      0
2021 11   56.7   35.8   45.8  578.2    0.0    76.1   09    27.3   24      0      0     10      0
2021 12   55.5   37.6   46.2  583.4    0.0    69.0   25    24.7   23      0      0      9      0
------------------------------------------------------------------------------------------------
          75.0   42.7   66.0 1806.2 1944.3   101.2  Jun   -40.0  Mar     65      0     67     38


                  PRECIPITATION (in)

                  MAX         ---DAYS OF RAIN---
                  OBS.               OVER
 YR  MO  TOTAL    DAY  DATE   0.01   0.10   1.00
------------------------------------------------
2021 01
2021 02   0.00   0.00    23      0      0      0
2021 03   0.03   0.02    24      2      0      0
2021 04   0.06   0.06    14      1      0      0
2021 05   0.02   0.02    26      1      0      0
2021 06   4.19   1.87    11      9      6      2
2021 07   4.45   1.28    28     11      7      2
2021 08  11.60   3.89    15     17     12      3
2021 09   3.90   1.43    23      7      6      1
2021 10   3.34   1.69    25      8      5      1
2021 11   0.68   0.39    12      5      1      0
2021 12   0.46   0.14    11      5      2      0
------------------------------------------------
         28.73   3.89   Aug     66     39      9


           WIND SPEED (mph)

                                DOM
 YR  MO    AVG     HI   DATE    DIR
-----------------------------------
2021 01
2021 02   19.8  110.0     26    172
2021 03    8.5  116.0     11    106
2021 04   10.1  114.0     08    124
2021 05   15.8  113.0     28    132
2021 06    2.5  111.0     02    146
2021 07    1.3   20.0     28    143
2021 08    1.1   15.0     10    137
2021 09    1.3   13.0     02    135
2021 10    1.3   16.0     29    117
2021 11    1.2   17.0     19    115
2021 12    1.4   17.0     11    131
-----------------------------------
           2.5  116.0    Mar    130
